
# reading RAxML_perSiteLLs_r.pv
# rank item    obs     au     np |     bp     pp     kh     sh    wkh    wsh |
#    1    7   -0.0  0.694  0.477 |  0.232  0.272  0.498  0.869  0.498  0.869 |
#    2    5    0.0  0.692  0.477 |  0.089  0.272  0.502  0.940  0.502  0.940 |
#    3   12    0.0  0.692  0.477 |  0.163  0.272  0.499  0.909  0.499  0.908 |
#    4    9    1.7  0.444  0.247 |  0.114  0.050  0.358  0.612  0.358  0.780 |
#    5   13    1.7  0.446  0.247 |  0.117  0.050  0.359  0.612  0.359  0.770 |
#    6    1    2.5  0.370  0.201 |  0.201  0.022  0.318  0.509  0.318  0.534 |
#    7    3    2.8  0.265  0.087 |  0.084  0.017  0.248  0.519  0.248  0.574 |
#    8   11    4.2  0.036  0.001 |      0  0.004  0.121  0.319  0.121  0.550 |
#    9   18    4.2  0.037  0.001 |      0  0.004  0.121  0.319  0.121  0.547 |
#   10   17    4.2  0.037  0.001 |      0  0.004  0.121  0.319  0.121  0.547 |
#   11   15    4.2  0.036  0.001 |      0  0.004  0.121  0.319  0.121  0.550 |
#   12    4    4.2  0.035  0.001 |      0  0.004  0.121  0.319  0.121  0.555 |
#   13   16    4.2  0.037  0.001 |      0  0.004  0.121  0.319  0.121  0.547 |
#   14   10    4.2  0.035  0.001 |      0  0.004  0.121  0.319  0.122  0.554 |
#   15   14    4.2  0.034  0.001 |      0  0.004  0.121  0.319  0.121  0.551 |
#   16    2    4.2  0.039  0.001 |  4e-04  0.004  0.121  0.318  0.121  0.492 |
#   17    6    4.2  0.038  0.001 |  3e-04  0.004  0.122  0.318  0.122  0.511 |
#   18    8    4.2  0.034  0.001 |  1e-04  0.004  0.122  0.319  0.122  0.506 |

