
# reading RAxML_perSiteLLs_r.pv
# rank item    obs     au     np |     bp     pp     kh     sh    wkh    wsh |
#    1    6   -0.0  0.579  0.309 |  0.313  0.291  0.493  0.809  0.493  0.809 |
#    2   11    0.0  0.549  0.162 |  0.158  0.291  0.507  0.908  0.507  0.908 |
#    3    4    0.0  0.561  0.206 |  0.206  0.291  0.505  0.867  0.505  0.867 |
#    4    8    2.2  0.348  0.322 |  0.151  0.033  0.312  0.352  0.312  0.598 |
#    5    7    2.2  0.351  0.321 |  0.161  0.033  0.312  0.352  0.312  0.590 |
#    6   10    4.0  0.049  0.013 |      0  0.006  0.134  0.172  0.134  0.386 |
#    7   13    4.0  0.049  0.013 |      0  0.006  0.134  0.172  0.134  0.388 |
#    8   16    4.0  0.051  0.012 |      0  0.006  0.134  0.172  0.134  0.377 |
#    9   14    4.0  0.050  0.012 |      0  0.006  0.134  0.172  0.134  0.378 |
#   10    2    4.0  0.050  0.013 |      0  0.006  0.134  0.172  0.134  0.369 |
#   11   15    4.0  0.051  0.012 |      0  0.006  0.134  0.172  0.134  0.377 |
#   12    3    4.0  0.050  0.013 |      0  0.006  0.134  0.172  0.134  0.375 |
#   13    1    4.0  0.053  0.013 |  0.005  0.006  0.135  0.172  0.135  0.351 |
#   14    9    4.0  0.050  0.013 |  0.001  0.006  0.134  0.172  0.134  0.392 |
#   15    5    4.0  0.054  0.013 |  0.003  0.006  0.134  0.172  0.134  0.355 |
#   16   12    4.0  0.054  0.013 |  0.003  0.006  0.134  0.172  0.134  0.357 |

