
# reading RAxML_perSiteLLs.pv
# rank item    obs     au     np |     bp     pp     kh     sh    wkh    wsh |
#    1    5   -0.0  0.600  0.499 |  0.005  0.024  0.487  0.999  0.487  0.999 |
#    2   13    0.0  0.598  0.498 |  0.008  0.024  0.513  0.998  0.513  0.998 |
#    3   17    0.0  0.599  0.499 |  0.002  0.024  0.406  0.999  0.406  0.999 |
#    4   14    0.0  0.578  0.499 |  0.031  0.024  0.518  0.988  0.516  0.988 |
#    5   29    0.0  0.582  0.497 |  0.040  0.024  0.511  0.970  0.501  0.970 |
#    6   10    0.0  0.596  0.499 |  0.001  0.024  0.339  0.999  0.339  0.999 |
#    7   15    0.0  0.580  0.498 |  0.011  0.024  0.511  0.990  0.501  0.990 |
#    8   34    0.0  0.579  0.497 |  0.006  0.024  0.514  0.992  0.504  0.992 |
#    9    7    0.0  0.602  0.498 |  2e-04  0.024  0.332  0.999  0.332  0.999 |
#   10   37    0.0  0.579  0.498 |  0.003  0.024  0.505  0.989  0.493  0.989 |
#   11   25    0.0  0.579  0.499 |  0.007  0.024  0.509  0.990  0.502  0.990 |
#   12   28    0.0  0.580  0.499 |  0.003  0.024  0.508  0.996  0.502  0.996 |
#   13   20    0.0  0.579  0.498 |  0.002  0.024  0.501  0.985  0.486  0.985 |
#   14    6    0.0  0.596  0.499 |  0.002  0.024  0.342  0.995  0.342  0.995 |
#   15   40    0.0  0.582  0.497 |  0.002  0.024  0.489  0.968  0.468  0.968 |
#   16   39    0.0  0.578  0.498 |  0.001  0.024  0.490  0.974  0.469  0.974 |
#   17   32    0.0  0.582  0.499 |  0.021  0.024  0.494  0.952  0.485  0.952 |
#   18   33    0.0  0.604  0.501 |  0.101  0.024  0.459  0.846  0.459  0.846 |
#   19   31    0.0  0.593  0.500 |  0.035  0.024  0.444  0.959  0.444  0.959 |
#   20   41    0.0  0.583  0.498 |  0.020  0.024  0.496  0.957  0.487  0.957 |
#   21   35    0.0  0.605  0.500 |  0.064  0.024  0.456  0.838  0.456  0.838 |
#   22   38    0.0  0.579  0.500 |  0.015  0.024  0.497  0.943  0.483  0.943 |
#   23   16    0.0  0.581  0.498 |  0.006  0.024  0.478  0.939  0.456  0.939 |
#   24   21    0.0  0.600  0.499 |  1e-04  0.024  0.130  0.996  0.130  0.996 |
#   25    8    0.0  0.581  0.497 |  0.013  0.024  0.478  0.928  0.453  0.928 |
#   26   22    0.0  0.590  0.501 |  0.001  0.024  0.424  0.986  0.424  0.986 |
#   27   24    0.0  0.584  0.500 |  0.080  0.024  0.480  0.847  0.468  0.846 |
#   28    9    0.0  0.582  0.500 |  0.002  0.024  0.484  0.947  0.468  0.947 |
#   29   19    0.0  0.589  0.500 |  0.001  0.024  0.414  0.987  0.414  0.987 |
#   30    2    0.0  0.768  0.497 |  0.015  0.024  0.502  0.983  0.502  0.983 |
#   31    3    0.0  0.616  0.495 |  0.001  0.024  0.467  0.990  0.452  0.990 |
#   32   36    0.0  0.579  0.499 |  3e-04  0.024  0.478  0.953  0.460  0.953 |
#   33   18    0.0  0.582  0.497 |  0.002  0.024  0.460  0.915  0.434  0.915 |
#   34   23    0.0  0.591  0.499 |  0.019  0.024  0.412  0.933  0.412  0.933 |
#   35   30    0.0  0.591  0.500 |  2e-05  0.024  0.397  0.965  0.397  0.965 |
#   36   12    0.0  0.596  0.496 |      0  0.024  0.302  0.974  0.033  0.974 |
#   37   11    0.0  0.589  0.499 |  0.001  0.024  0.355  0.970  0.355  0.970 |
#   38    4    0.0  0.602  0.499 |  0.010  0.024  0.382  0.960  0.382  0.960 |
#   39   26    0.0  0.589  0.500 |  3e-04  0.024  0.347  0.967  0.347  0.967 |
#   40   27    0.0  0.583  0.500 |  0.001  0.024  0.301  0.902  0.301  0.902 |
#   41    1    0.0  0.512  0.487 |  0.488  0.024  0.505  0.512  0.505  0.512 |

